age,Dx,Px,mx,qx,lx,dx,Lx,Tx,ex
0,123,55139,0.002230726,0.0022264051,100000,222.6405128624,99806.3027538097,8210148.18383776,82.1014818384
1,13,56018,2.468035e-4,2.46773e-4,99777.3594871376,24.6223595499,99765.0483073626,8110341.88108395,81.2843907954
2,5,55781,1.075458e-4,1.0754e-4,99752.7371275877,10.7274139247,99747.3734206253,8010576.83277659,80.3043311236
3,6,55191,9.18062e-5,9.1802e-5,99742.009713663,9.1565114756,99737.4314579252,7910829.45935597,79.312914208
4,5,54758,9.31527e-5,9.31483e-5,99732.8532021874,9.2899498782,99728.2082272483,7811092.02789804,78.3201500519
5,5,54013,9.78867e-5,9.78819e-5,99723.5632523092,9.7611363718,99718.6826841233,7711363.81967079,77.3273995451
6,7,53683,9.68004e-5,9.67957e-5,99713.8021159374,9.6518645133,99708.9761836808,7611645.13698667,76.3349202966
7,3,53831,8.79298e-5,8.7926e-5,99704.1502514241,8.7665832072,99699.7669598205,7511936.16080299,75.3422614992
8,7,56119,7.82479e-5,7.82448e-5,99695.3836682169,7.800645391,99691.4833455214,7412236.39384317,74.3488426557
9,3,59134,7.29759e-5,7.29732e-5,99687.5830228259,7.2745216738,99683.945761989,7312544.91049765,73.3546213958
10,3,59986,7.3247e-5,7.32443e-5,99680.3085011521,7.3010120866,99676.6579951088,7212860.96473566,72.3599382184
11,4,59265,7.85627e-5,7.85596e-5,99673.0074890655,7.8302732017,99669.0923524647,7113184.30674055,71.3652019331
12,5,55652,8.92249e-5,8.9221e-5,99665.1772158638,8.8922230253,99660.7311043512,7013515.21438808,70.3707695136
13,6,51744,1.05303e-4,1.052975e-4,99656.2849928385,10.4935550535,99651.0382153118,6913854.48328373,69.3770040071
14,6,49201,1.260815e-4,1.260736e-4,99645.7914377851,12.562702227,99639.5100866716,6814203.44506842,68.3842573454
15,6,47120,1.497952e-4,1.497839e-4,99633.2287355581,14.9234580752,99625.7670065205,6714563.93498175,67.3928168363
16,10,46044,1.745933e-4,1.745781e-4,99618.3052774829,17.3911724424,99609.6096912617,6614938.16797523,66.4028378073
17,6,45641,1.981156e-4,1.98096e-4,99600.9141050405,19.730544561,99591.04883276,6515328.55828397,65.414345007
18,15,45459,2.177865e-4,2.177628e-4,99581.1835604795,21.68507778,99570.3410215894,6415737.50945121,64.4272068282
19,10,45245,2.330041e-4,2.329769e-4,99559.4984826994,23.19506765,99547.9009488744,6316167.16842962,63.4411308282
20,11,45453,2.442429e-4,2.44213e-4,99536.3034150494,24.3080632408,99524.149383429,6216619.26748074,62.4557980776
21,12,46041,2.524372e-4,2.524054e-4,99511.9953518086,25.117362112,99499.4366707526,6117095.11809732,61.4709321873
22,10,46534,2.586742e-4,2.586408e-4,99486.8779896966,25.7313616056,99474.0123088938,6017595.68142656,60.4863254634
23,10,48209,2.642108e-4,2.641759e-4,99461.146628091,26.2752374291,99448.0090093765,5918121.66911767,59.501844386
24,17,52408,2.698744e-4,2.698379e-4,99434.871390662,26.8313016979,99421.455739813,5818673.66010829,58.5174353698
25,18,58649,2.757226e-4,2.756846e-4,99408.0400889641,27.4052666501,99394.3374556391,5719252.20436848,57.5330949011
26,19,62317,2.817757e-4,2.81736e-4,99380.634822314,27.9991025277,99366.6352710502,5619857.86691284,56.5488223834
27,17,64606,2.886225e-4,2.885808e-4,99352.6357197863,28.6712636515,99338.3000879605,5520491.23164179,55.5646178045
28,21,67317,2.974763e-4,2.97432e-4,99323.9644561348,29.542126621,99309.1933928243,5421152.93155383,54.5805129833
29,19,67819,3.096757e-4,3.096277e-4,99294.4223295137,30.7443078715,99279.050175578,5321843.73816101,53.5966030448
30,21,68948,3.260011e-4,3.25948e-4,99263.6780216422,32.3547939642,99247.5006246601,5222564.68798543,52.6130483181
31,22,69699,3.468974e-4,3.468373e-4,99231.323227678,34.4171204418,99214.1146674571,5123317.18736077,51.6300399986
32,31,69487,3.729226e-4,3.728531e-4,99196.9061072362,36.985869971,99178.4131722507,5024103.07269331,50.6477799546
33,28,70796,4.045706e-4,4.044888e-4,99159.9202372652,40.1090740263,99139.8657002521,4924924.65952106,49.6664846819
34,26,71564,4.423328e-4,4.42235e-4,99119.8111632389,43.8342535468,99097.8940364655,4825784.79382081,48.6863800202
35,40,71619,4.865663e-4,4.86448e-4,99075.9769096921,48.1953080329,99051.8792556757,4726686.89978434,47.7076991539
36,27,72522,5.367209e-4,5.365769e-4,99027.7816016592,53.1360225187,99001.2135903999,4627635.02052867,46.7306744197
37,48,73476,5.915145e-4,5.913396e-4,98974.6455791406,58.5276235245,98945.3817673783,4528633.80693827,45.7554940504
38,60,75403,6.496005e-4,6.493896e-4,98916.117955616,64.2351005361,98884.000405348,4429688.42517089,44.7822712488
39,60,81293,7.109795e-4,7.107269e-4,98851.8828550799,70.2566915147,98816.7545093225,4330804.42476554,43.8110463825
40,72,86779,7.760038e-4,7.757028e-4,98781.6261635652,76.6251827063,98743.3135722121,4231987.67025622,42.8418506013
41,60,88826,8.454976e-4,8.451403e-4,98705.0009808589,83.419578576,98663.2911915709,4133244.35668401,41.8747207903
42,83,90468,9.212055e-4,9.207814e-4,98621.5814022829,90.8089177753,98576.1769433953,4034581.06549243,40.9097178135
43,101,92461,0.0010054624,0.0010049572,98530.7724845076,99.0192084294,98481.2628802929,3936004.88854904,39.9469606226
44,101,93624,0.0011002506,0.0010996457,98431.7532760781,108.2400496372,98377.6332512596,3837523.62566875,38.9866430084
45,102,90572,0.0012067334,0.0012060057,98323.5132264409,118.5787198892,98264.2238664964,3739145.99241749,38.0290112682
46,113,83432,0.0013260952,0.0013252165000000001,98204.9345065518,130.1428038309,98139.8631046363,3640881.76855099,37.0743261206
47,120,77265,0.001459483,0.0014584187,98074.7917027208,143.0341107367,98003.2746473525,3542741.90544635,36.1228593397
48,109,73549,0.0016079671,0.0016066754,97931.7575919842,157.3445439595,97853.0853200044,3444738.630799,35.174888264
49,137,70518,0.0017726703,0.0017711005,97774.4130480247,173.1683126112,97687.8288917191,3346885.545479,34.2306892074
50,122,67399,0.0019556462,0.0019537358,97601.2447354134,190.6870471308,97505.901211848,3249197.71658728,33.2905356422
51,147,65783,0.0021597903,0.0021574605,97410.5576882826,210.159432022,97305.4779722716,3151691.81537543,32.3547250952
52,163,66246,0.0023884266,0.0023855777,97200.3982562606,231.879104881,97084.4587038201,3054386.33740316,31.4235989996
53,167,67904,0.0026446517,0.0026411593,96968.5191513797,256.1093018552,96840.4645004521,2957301.87869934,30.4975460549
54,195,70595,0.0029316598,0.0029273688,96712.4098495245,283.1128917419,96570.8534036535,2860461.41419889,29.57698416
55,271,70961,0.0032531235,0.0032478407,96429.2969577826,313.186996944,96272.703459310593,2763890.56079523,28.6623531229
56,218,66349,0.0036136819,0.0036071643,96116.1099608386,346.7066039021,95942.7566588875,2667617.85733592,27.7541179977
57,238,62081,0.0040187812,0.0040107221,95769.4033569365,384.1044654507,95577.3511242111,2571675.10067703,26.8527839846
58,284,60579,0.0044731776,0.0044631952,95385.2988914858,425.7232124839,95172.4372852438,2476097.74955282,25.9589032936
59,280,59453,0.0049784341,0.0049660725,94959.5756790018,471.5761333568,94723.7876123234,2380925.31226758,25.0730407675
60,350,61795,0.0055343067,0.0055190347,94487.999545645,521.4825505445,94227.2582703728,2286201.52465526,24.1956813103
61,391,66683,0.0061375768,0.0061187995,93966.5169951005,574.9622727555,93679.0358587227,2191974.26638488,23.3271843682
62,499,70229,0.0067806415,0.0067577306,93391.554722345,631.1149653416,93075.9972396742,2098295.23052616,22.4677192361
63,562,71844,0.0074525739,0.0074249066,92760.4397570034,688.7375973242,92416.0709583414,2005219.23328649,21.6171811878
64,594,72329,0.0081559131,0.0081227887,92071.7021596793,747.8789819929,91697.7626686828,1912803.16232815,20.7751471675
65,637,72506,0.0089120054,0.0088724697,91323.8231776864,810.2678510434,90918.6892521647,1821105.39965946,19.9411866071
66,697,73172,0.0097499109,0.0097026111,90513.5553266429,878.2178258314,90074.4464137272,1730186.7104073,19.1152220699
67,779,73955,0.0106964183,0.0106395159,89635.3375008116,953.6766017268,89158.4991999482,1640112.26399357,18.2976079493
68,876,73145,0.0117784925,0.0117095322,88681.6608990848,1038.4207639271,88162.4505171212,1550953.76479362,17.4890022251
69,898,71000,0.0130271842,0.0129428796,87643.2401351577,1134.3559048712,87076.0621827221,1462791.3142765,16.6902925088
70,1028,70516,0.0144609544,0.0143571454,86508.8842302865,1242.0206269151,85887.873916829,1375715.25209378,15.9025892466
71,1166,72201,0.0160905584,0.0159621386,85266.8636033714,1361.0414934682,84586.3428566373,1289827.37817695,15.1269476051
72,1309,71704,0.0179140327,0.0177550009,83905.8221099032,1489.7479454446,83160.9481371809,1205241.03532031,14.3642122205
73,1263,63003,0.0199646099,0.0197672868,82416.0741644587,1629.1421768272,81601.5030760451,1122080.08718313,13.6148208776
74,1236,56727,0.0222984309,0.0220525622,80786.9319876314,1781.5588407373,79896.1525672627,1040478.58410709,12.8792932038
75,1426,55900,0.024981372,0.024673187,79005.3731468941,1949.3143419017,78030.7159759433,960582.431539824,12.1584443346
76,1421,50733,0.0280896259,0.0277005765,77056.0588049924,2134.4972488495,75988.8101805677,882551.715563881,11.4533721196
77,1417,45596,0.03170978,0.0312148717,74921.5615561429,2338.6669290232,73752.2280916313,806562.905383313,10.7654310539
78,1547,42910,0.0359375719,0.0353032159,72582.8946271197,2562.4096030003,71301.6898256195,732810.677291682,10.0961897573
79,1616,38830,0.0408764651,0.0400577554,70020.4850241193,2804.8634595777,68618.0532943305,661508.987466062,9.4473636856
80,1495,34506,0.0466362109,0.0455735227,67215.6215645416,3063.2526553533,65683.995236865,592890.934171732,8.8207312582
81,1708,31395,0.0533280677,0.0519430563,64152.3689091883,3332.2701086535,62486.2338548616,527206.938934867,8.2180431978
82,1694,28819,0.0609369485,0.0591351895,60820.0988005348,3596.608065315,59021.7947678773,464720.705080005,7.6409067766
83,1859,26854,0.0696784358,0.06733262,57223.4907352198,3853.0075549724,55296.9869577336,405698.910312128,7.0897267031
84,1939,25118,0.0796936813,0.0766398264,53370.4831802474,4090.3045641203,51325.3308981872,350401.923354394,6.5654628265
85,2106,23348,0.0911323822,0.0871607967,49280.1786161271,4295.2996289155,47132.5288016694,299076.592456207,6.0689023631
86,2261,21694,0.1041501801,0.0989950063,44984.8789872117,4453.2783774797,42758.2397984718,251944.063654538,5.6006389108
87,2452,19660,0.118904865,0.1122323772,40531.6006097319,4548.9578875124,38257.1216659757,209185.823856066,5.1610550955
88,2403,17269,0.1355511964,0.1269472693,35982.6427222195,4567.8982345574,33698.6936049408,170928.70219009,4.750309851
89,2260,14459,0.1542342166,0.1431916877,31414.7444876621,4498.330280932,29165.5793471961,137230.008585149,4.3683312032
90,2108,11675,0.175081039,0.1609880605,26916.4142067301,4333.2213198629,24749.8035467987,108064.429237953,4.0148152131
91,1883,9401,0.1981912633,0.1803221281,22583.1928868673,4072.2494008473,20547.0681864436,83314.6256911544,3.6892314611
92,1686,7316,0.2236263938,0.2011366608,18510.94348602,3723.2293601122,16649.3288059639,62767.5575047108,3.3908351323
93,1446,5579,0.2513989091,0.2233268463,14787.7141259078,3302.4935596969,13136.4673460593,46118.2286987469,3.1186854375
94,1203,4163,0.2814619115,0.2467382077,11485.2205662109,2833.8427375783,10068.2991974217,32981.7613526876,2.8716698267
95,988,3119,0.3137005281,0.2711677888,8651.3778286325,2345.9749962476,7478.3903305088,22913.4621552659,2.6485332867
96,736,2165,0.3479263642,0.2963690595,6305.402832385,1868.7263071661,5371.0396788019,15435.0718247571,2.4479120898
97,525,1385,0.3838762601,0.3220605587,4436.6765252189,1428.8785203812,3722.2372650283,10064.0321459552,2.2683718519
98,311,820,0.4212163177,0.347937782,3007.7980048377,1046.5265665245,2484.5347215754,6341.7948809269,2.1084510565
99,195,416,0.4595516313,0.373687322,1961.2714383132,732.9022715872,1594.8203025196,3857.2601593515,1.9667140835
100,78,170,0.4984414446,0.3990019023,1228.369166726,490.1216342716,983.3083495902,2262.4398568319,1.8418240364
101,43,105,0.5374186701,0.4235947945,738.2475324544,312.7178118347,581.888626537,1279.1315072417,1.7326593737
102,29,80,0.576012018,0.4472122133,425.5297206196,190.3020881666,330.3786765363,697.2428807047,1.6385292188
103,25,52,0.6137685487,0.4696426154,235.227632453,110.4729205271,179.9911721895,366.8642041684,1.5596135554
104,12,36,0.6502743905,0.4907223138,124.7547119259,61.2199208915,94.1447514802,186.873031979,1.4979236383
105,18,50,0.6851716725,1,63.5347910344,63.5347910344,92.7282804988,92.7282804988,1.4594882424
